0
-0.3490 0.0000 1.9198 1.2217
-0.3490 0.0000 1.9198 1.2217
-0.3490 0.0000 1.9198 1.2217
-0.3490 0.0000 1.9198 1.2217
1.2217 0.0000 1.9198 1.2217
1
-0.3490 0.0000 1.9198 1.2217
0.0000 0.0000 0.0000 0.0000
-0.3490 0.0000 1.9198 1.2217
-0.3490 0.0000 1.9198 1.2217
1.2217 0.0000 1.9198 1.2217
2
-0.3490 0.0000 1.9198 1.2217
-0.3490 0.0000 1.9198 1.2217
-0.3490 0.0000 1.9198 1.2217
-0.3490 0.0000 1.9198 1.2217
0.0000 0.0000 0.0000 0.0000
3
0.4500 0.3141 0.0000 0.0000
0.0000 0.0000 0.0000 0.0000
-0.3490 0.0000 1.9198 1.2217
-0.3490 0.0000 1.9198 1.2217
1.2217 0.0000 1.9198 1.2217
4
-0.3490 0.0000 1.9198 1.2217
0.0000 0.0000 0.0000 0.0000
0.0000 0.0000 0.0000 0.0000
-0.3490 0.0000 1.9198 1.2217
1.2217 0.0000 1.9198 1.2217
5
-0.3490 0.0000 1.9198 1.2217
0.0000 0.0000 0.0000 0.0000
0.0000 0.0000 0.0000 0.0000
-0.3490 0.0000 0.0000 0.0000
1.2217 0.0000 1.9198 1.2217
6
0.3500 0.2500 0.0000 0.0000
-0.3490 0.0000 1.9198 1.2217
-0.3490 0.0000 1.9198 1.2217
-0.3490 0.0000 1.9198 1.2217
0.0000 0.3141 0.0000 0.0000
7
0.3500 0.2500 0.0000 0.0000
0.0000 0.0000 0.0000 0.0000
-0.3490 0.0000 1.9198 1.2217
-0.3490 0.0000 1.9198 1.2217
0.0000 -0.0650 0.0000 0.0000
8
0.2500 0.3141 0.0000 0.0000
0.0000 0.0000 0.0000 0.0000
0.0000 0.0000 0.0000 0.0000
-0.2500 0.0000 0.0000 0.0000
0.0000 0.0000 0.0000 0.0000
9
-0.3490 0.0700 1.0500 0.1000
0.0000 0.0000 0.0000 0.0000
0.0000 0.0000 0.0000 0.0000
-0.3490 0.2000 1.9000 0.7000
0.0000 0.0000 0.0000 0.0000

